% Define the data
data = [
-28	60	52
-63	60	53
67	60	25
-94	60	41
-72	60	98
94	60	8
75	60	21
-3	60	30
-22	60	23
10	60	80
77	60	109
-105	60	9
-95	60	31
-98	60	108
-85	60	23
-57	60	58
107	60	114
-96	60	47
-79	60	53
89	60	21
8	60	42
86	60	42
-23	60	110
-81	60	113
-14	60	113
-78	60	11
26	60	117
-118	60	7
95	60	27
102	60	59
-24	60	89
-44	60	31
27	60	30
71	60	12
-111	60	33
-5	60	85
52	60	42
92	60	76
-77	60	19
-117	60	56
62	60	22
-37	60	43
65	60	11
72	60	106
55	60	8
-89	60	97
-97	60	36
-95	60	119
-1	60	5
-88	60	10
-45	60	16
-26	60	44
-14	60	18
-62	60	105
21	60	91
105	60	49
48	60	59
-3	60	89
37	60	100
83	60	98
92	60	77
-80	60	75
105	60	42
76	60	77
26	60	18
84	60	7
64	60	22
18	60	77
-1	60	83
-116	60	87
-79	60	75
-94	60	87
102	60	117
-14	60	89
113	60	114
-52	60	119
-26	60	67
54	60	36
94	60	35
-80	60	55
-75	60	26
85	60	8
-42	60	33
64	60	48
-102	60	65
99	60	86
119	60	35
109	60	98
-80	60	63
-59	60	46
-11	60	17
50	60	14
-60	60	22
66	60	79
-42	60	116
-18	60	74
-34	60	73
-86	60	72
-84	60	117
7	60	108
93	60	101
8	60	37
-17	60	110
75	60	53
53	60	11
-46	60	89
42	60	63
-7	60	34
-29	60	57
-101	60	95
68	60	88
0	60	47
65	60	59
-13	60	88
84	60	43
2	60	117
-37	60	114
-4	60	58
97	60	45
94	60	116
-99	60	16
-39	60	102
-89	60	50
-114	60	15
-86	60	34
66	60	103
9	60	81
18	60	79
86	60	68
-81	60	7
100	60	110
28	60	23
73	60	93
67	60	5
-25	60	64
115	60	90
-14	60	80
-4	60	62
112	60	81
58	60	43
95	60	34
76	60	9
-111	60	93
-92	60	59
14	60	39
39	60	6
-101	60	16
-71	60	25
-23	60	96
53	60	101
-81	60	32
62	60	41
118	60	25
-21	60	114
-62	60	54
-49	60	96
-104	60	110
-82	60	95
-70	60	90
111	60	54
-36	60	28
-65	60	33
49	60	87
-66	60	82
4	60	43
2	60	101
-56	60	93
53	60	0
82	60	21
116	60	109
31	60	108
13	60	98
-78	60	24
75	60	101
-39	60	10
68	60	62
-30	60	60
-25	60	34
40	60	11
100	60	114
27	60	68
93	60	38
45	60	34
12	60	67
-33	60	41
-39	60	106
85	60	5
-98	60	66
-35	60	80
74	60	106
-80	60	84
106	60	18
72	60	43
-46	60	0
43	60	74
-47	60	14
90	60	13
7	60	51
-24	60	77
-29	60	44
-16	60	117
-49	60	84
-5	60	3
-11	60	87
-76	60	34
68	60	70
76	60	43
101	60	30
-119	60	100
90	60	73
-103	60	53
38	60	87
57	60	49
7	60	83
11	60	26
23	60	67
0		
-69	60	97
-89	60	111
-106	60	52
5	60	6
40	60	25
-63	60	45
22	60	87
-34	60	23
6	60	7
-66	60	94
113	60	51
-18	60	117
15	60	15
9	60	72
70	60	83
19	60	60
5	60	69
-68	60	27
-71	60	22
8	60	8
88	60	3
-85	60	36
65	60	92
-30	60	26
51	60	1
65	60	62
-25	60	103
61	60	111
69	60	24
-5	60	62
-31	60	97
-46	60	25
-87	60	116
-101	60	40
96	60	106
-107	60	88
82	60	113
93	60	73
3	60	80
-47	60	90
80	60	92
-50	60	97
1	60	103
-16	60	44
94	60	14
-48	60	88
45	60	115
-50	60	37
6	60	62
-86	60	70
-41	60	77
-90	60	25
-68	60	57
-99	60	31
-56	60	102
-53	60	99
51	60	15
13	60	39
-35	60	4
-117	60	112
18	60	116
107	60	1
114	60	47
50	60	80
24	60	20
-108	60	109
97	60	22
-66	60	89
-6	60	101
-55	60	53
-71	60	30
-22	60	82
39	60	57
-110	60	7
-64	60	6
61	60	13
66	60	97
4	60	56
63	60	118
71	60	40
110	60	43
37	60	73
106	60	100
-43	60	39
-47	60	118
-100	60	3
11	60	6
-39	60	106
-106	60	45
-56	60	12
29	60	1
-98	60	62
-33	60	67
63	60	76
-17	60	15
26	60	58
-95	60	42
-38	60	20
-114	60	5
-5	60	36
-44	60	114
44	60	80
-49	60	34
-73	60	74
78	60	67
-53	60	58
76	60	83
-114	60	33
45	60	22
-1	60	100
-86	60	8
-101	60	92
79	60	88
79	60	2
-77	60	60
51	60	82
10	60	2
116	60	118
-7	60	43
109	60	82
30	60	112
2	60	94
0	60	7
116	60	4
6	60	94
26	60	82
7	60	13
-6	60	57
-91	60	17
12	60	31
84	60	81
-112	60	24
56	60	78
67	60	96
-95	60	91
72	60	60
-81	60	24
-43	60	96
-49	60	50
-70	60	18
-99	60	91
113	60	28
-116	60	116
32	60	115
-41	60	6
-27	60	36
-25	60	68
-50	60	15
22	60	107
63	60	57
-45	60	38
108	60	110
-70	60	82
111	60	105
15	60	102
64	60	66
-23	60	46
-89	60	10
-28	60	27
34	60	7
65	60	95
5	60	45
-31	60	60
80	60	104
-54	60	75
119	60	101
58	60	32
2	60	50
46	60	80
109	60	17
53	60	17
-53	60	94
41	60	55
-4	60	38
27	60	96
-118	60	65
5	60	3
103	60	27
-52	60	50
74	60	27
-81	60	62
10	60	68
13	60	25
16	60	87
15	60	69
-94	60	76
101	60	2
114	60	31
107	60	116
14	60	31
-53	60	76
71	60	8
-22	60	32
61	60	47
-25	60	94
-63	60	14
119	60	11
-99	60	63
-5	60	37
-41	60	114
44	60	111
109	60	75
59	60	49
38	60	22
-47	60	14
-118	60	76
50	60	52
-52	60	38
73	60	26
-20	60	39
-66	60	47
82	60	73
-17	60	95
117	60	74
104	60	93
-59	60	51
48	60	106
-116	60	110
91	60	25
-17	60	11
-117	60	85
-32	60	15
54	60	16
-84	60	5
39	60	115
-3	60	0
8	60	29
82	60	34
88	60	79
-56	60	79
-101	60	110
-4	60	3
-12	60	67
90	60	29
-80	60	100
60	60	71
111	60	6
-1	60	116
-38	60	38
23	60	71
113	60	56
11	60	106
36	60	39
82	60	113
101	60	31
-91	60	28
77	60	57
3	60	69
100	60	118
-33	60	100
57	60	19
-111	60	9
87	60	42
-87	60	91
46	60	70
-58	60	38
-106	60	72
-88	60	67
76	60	82
-106	60	23
-37	60	15
-48	60	17
61	60	51
-100	60	68
19	60	59
-45	60	38
109	60	104
111	60	99
102	60	21
45	60	90
40	60	67
-57	60	73
-118	60	17
-51	60	47
-96	60	22
44	60	116
62	60	9
17	60	86
99	60	0
-23	60	37
-22	60	93
51	60	83
38	60	21
92	60	25
56	60	25
-72	60	27
3	60	96
-75	60	113
-25	60	49
97	60	50
62	60	38
104	60	29
-88	60	94
98	60	109
-76	60	28
-69	60	62
12	60	77
118	60	37
-26	60	68
93	60	105
114	60	111
-33	60	112
-4	60	7
11	60	118
90	60	112
-79	60	57
90	60	105
18	60	68
-99	60	57
-67	60	98
-65	60	56
-13	60	29
67	60	33
-57	60	97
87	60	85
-53	60	59
-104	60	105
8	60	33
-37	60	3
-101	60	6
79	60	105
-58	60	95
102	60	43
20	60	97
-19	60	15
-73	60	0
-111	60	89
13	60	84
83	60	111
9	60	110
7	60	11
100	60	103
-43	60	47
-21	60	12
23	60	106
-66	60	78
41	60	17
-114	60	81
105	60	96
83	60	113
-70	60	27
-109	60	43
78	60	98
41	60	50
-13	60	106
-70	60	32
88	60	90
-65	60	50
-70	60	67
100	60	4
43	60	31
23	60	62
-71	60	74
83	60	31
119	60	56
110	60	40
-91	60	106
113	60	34
87	60	7
6	60	36
-94	60	44
-4	60	22
2	60	76
-112	60	53
111	60	108
-107	60	73
73	60	84
53	60	3
-87	60	14
60	60	45
116	60	117
35	60	87
17	60	76
-83	60	29
87	60	66
86	60	72
-100	60	109
-40	60	23
25	60	37
70	60	19
98	60	4
46	60	93
5	60	26
-63	60	59
-12	60	102
55	60	81
-11	60	40
-42	60	85
54	60	96
-103	60	37
-7	60	115
-6	60	79
-109	60	55
-99	60	63
-34	60	22
-104	60	107
93	60	93
-38	60	59
27	60	62
-67	60	20
31	60	43
-106	60	65
58	60	73
-103	60	26
-28	60	110
22	60	102
100	60	59
-115	60	18
68	60	49
-93	60	13
-19	60	0
0	60	87
-8	60	117
77	60	29
86	60	49
119	60	95
-117	60	52
112	60	68
20	60	65
-54	60	101
56	60	59
-63	60	99
-101	60	89
-22	60	18
-96	60	37
65	60	50
-97	60	110
-47	60	4
46	60	68
67	60	89
-105	60	63
17	60	86
50	60	96
24	60	111
19	60	60
-9	60	80
69	60	96
-14	60	114
63	60	59
-112	60	89
-11	60	97
-77	60	11
16	60	28
-80	60	88
-66	60	38
5	60	107
-16	60	46
4	60	79
-115	60	83
110	60	28
-108	60	19
15	60	107
76	60	72
-14	60	81
-102	60	114
79	60	8
-30	60	115
-32	60	37
-18	60	66
-73	60	103
-63	60	16
74	60	116
-86	60	119
75	60	1
82	60	94
37	60	103
61	60	95
36	60	81
113	60	7
-54	60	53
79	60	99
-63	60	80
16	60	90
53	60	110
-19	60	35
72	60	118
-72	60	47
81	60	70
-105	60	74
-62	60	96
-19	60	78
100	60	0
32	60	62
-48	60	33
45	60	42
-33	60	71
-103	60	71
-46	60	69
-67	60	119
117	60	107
9		
-24	60	90
-82	60	59
84	60	39
89	60	37
45	60	85
90	60	54
-9	60	70
7	60	35
115	60	83
-111	60	107
-73	60	116
6	60	80
90	60	98
108	60	37
-118	60	6
5	60	5
32	60	76
100	60	46
89	60	38
4	60	6
-20	60	67
-101	60	76
-108	60	4
24	60	99
12	60	88
-10	60	14
67	60	40
69	60	20
-65	60	97
-2	60	111
-104	60	64
59	60	62
74	60	2
62	60	41
42	60	91
-76	60	52
-20	60	94
-25	60	41
50	60	92
105	60	62
-4	60	64
69	60	47
61	60	83
-38	60	68
-18	60	109
27	60	20
104	60	79
-90	60	69
79	60	79
-120	60	104
79	60	101
-85	60	97
-38	60	56
-63	60	98
75	60	117
-118	60	31
76	60	93
98	60	48
25	60	85
92	60	76
-118	60	58
-88	60	74
-94	60	95
-59	60	78
65	60	106
-88	60	92
10	60	114
90	60	84
10	60	93
-31	60	83
-67	60	115
24	60	60
-58	60	47
-32	60	80
-82	60	59
-106	60	94
-6	60	25
63	60	24
39	60	94
-101	60	29
112	60	88
-95	60	107
-73	60	8
6	60	6
23	60	112
-63	60	115
41	60	80
-98	60	44
-7	60	72
27	60	19
107	60	118
69	60	43
81	60	55
103	60	44
68	60	10
-97	60	34
-87	60	94
51	60	57
76	60	44
-40	60	39
-42	60	20
-87	60	23
-87	60	33
-118	60	108
-112	60	57
-117	60	18
37	60	101
39	60	42
-77	60	11
-115	60	76
-14	60	111
-76	60	15
-32	60	57
85	60	27
-117	60	55
-1	60	19
53	60	96
